<?xml version="1.0"?>
<opencv_storage>
<calibration_Time>"Sat 18 Nov 2017 12:54:38 CET"</calibration_Time>
<nrOfFrames>20</nrOfFrames>
<image_Width>640</image_Width>
<image_Height>480</image_Height>
<board_Width>9</board_Width>
<board_Height>6</board_Height>
<square_Size>25.</square_Size>
<FixAspectRatio>1.</FixAspectRatio>
<!-- flags:  +fix_aspectRatio +fix_principal_point +zero_tangent_dist -->
<flagValue>14</flagValue>
<Camera_Matrix type_id="opencv-matrix">
  <rows>3</rows>
  <cols>3</cols>
  <dt>d</dt>
  <data>
    3.2808384955859850e+02 0. 3.1950000000000000e+02 0.
    3.2808384955859850e+02 2.3950000000000000e+02 0. 0. 1.</data></Camera_Matrix>
<Distortion_Coefficients type_id="opencv-matrix">
  <rows>5</rows>
  <cols>1</cols>
  <dt>d</dt>
  <data>
    -2.6814012789923941e-01 1.1499572594219373e-01 0. 0.
    -2.7509428785503182e-02</data></Distortion_Coefficients>
<Avg_Reprojection_Error>4.4269131867610356e-01</Avg_Reprojection_Error>
<Per_View_Reprojection_Errors type_id="opencv-matrix">
  <rows>20</rows>
  <cols>1</cols>
  <dt>f</dt>
  <data>
    6.39040887e-01 5.37945867e-01 7.34198391e-01 5.48501194e-01
    3.93834502e-01 3.49088132e-01 3.32977742e-01 3.22495222e-01
    3.39088351e-01 3.20964485e-01 3.30812365e-01 3.34322155e-01
    3.32689136e-01 3.34638178e-01 3.32971632e-01 3.10802430e-01
    4.65430528e-01 7.62403250e-01 3.15828115e-01 3.50763112e-01</data></Per_View_Reprojection_Errors>
<!-- a set of 6-tuples (rotation vector + translation vector) for each view -->
<Extrinsic_Parameters type_id="opencv-matrix">
  <rows>20</rows>
  <cols>6</cols>
  <dt>d</dt>
  <data>
    -7.4556300872164694e-02 -1.8075559987886244e-01
    -3.1173394800615259e+00 1.5311257278673665e+02
    1.4701405070042576e+01 1.6449000955453440e+02
    -3.6698773124549791e-02 -1.0308023183817870e-01
    -3.1248907014138649e+00 1.4996672028583447e+02
    4.6074882237121733e+00 1.6622248855758457e+02 5.2599152018106892e-03
    4.2316826236153994e-02 3.1402861702358313e+00 1.5286570017491837e+02
    -2.9632712528895109e+00 1.6544725317718357e+02
    -6.7676562411523561e-02 -1.8262653894146960e-01
    -3.0024890479347301e+00 1.9584886999394001e+02
    9.7722626676708032e+01 2.1891355030256929e+02
    -1.6989763881181955e-01 -3.3239674380102247e-01
    -2.9837374233519602e+00 2.8365629680569958e+02
    1.8156565616341950e+02 2.6600277752500534e+02
    -5.4660488755161447e-02 -2.4884976631076233e-02
    -3.1254761220144376e+00 2.4761017060759281e+02
    4.5065350829140428e+01 3.3782923333822885e+02
    -1.0304876961711797e-01 6.6081501531352310e-02
    -2.9832186988521254e+00 2.8167623509099781e+02
    4.8474213167940107e+01 3.3723287577165189e+02
    -1.0715310753365950e-01 6.5245280383142062e-02
    -2.9815442205822893e+00 2.8330163053192160e+02
    5.0178046971028287e+01 3.3722409401885227e+02
    -1.1411843824376741e-01 4.1819976115455279e-02
    -2.9841834147009560e+00 2.9067029526564255e+02
    5.9008890770626181e+01 3.4080115294707355e+02
    -1.1445398790437451e-01 3.6876146312839066e-02
    -2.9898904217164701e+00 2.8653361246422361e+02
    5.8860879861989865e+01 3.3931597890997608e+02
    -1.1607570048577773e-01 3.4368621928525703e-02
    -2.9859161816353725e+00 2.8665079033520362e+02
    5.9839185730141601e+01 3.3866519329243431e+02
    -1.1647157021012243e-01 3.7256971165363598e-02
    -2.9793583171742246e+00 2.8633576114923574e+02
    6.0480799538508087e+01 3.3783807833343235e+02
    -1.1840705716013558e-01 3.7559726562748440e-02
    -2.9760464411021204e+00 2.8786872014572731e+02
    6.0973775503622484e+01 3.3718499271505289e+02
    -1.1986996832629077e-01 3.6869123552562257e-02
    -2.9728995178679205e+00 2.8888553074201741e+02
    6.1848282809825896e+01 3.3658005311126129e+02
    -1.1968810210885197e-01 3.7929937438527746e-02
    -2.9717983969766246e+00 2.8843770597057716e+02
    6.2002841992282889e+01 3.3641394409714241e+02
    -1.2966966724479678e-01 5.1684019549698264e-02
    -2.9872325246617795e+00 2.9120821685489562e+02
    5.3337410054474184e+01 3.3309661660634276e+02
    -1.5403977837110774e-01 7.9614090989768613e-02
    -3.0435665460954415e+00 2.9582913549400365e+02
    2.9471718401401947e+01 2.9822003836127925e+02 9.9443923751550437e-02
    8.5512338057210188e-02 3.0509698521259625e+00 1.7757768765111652e+02
    3.0054710077274745e+01 2.0058041571992220e+02
    -9.1739252000598848e-02 3.6522447391238816e-01
    2.9329933685376641e+00 1.2914552814774217e+02 8.6306430839413849e+01
    2.1268566896168477e+02 -8.0695110929688188e-02
    3.6368081430037114e-01 2.9162801757712624e+00 1.3196093966340183e+02
    8.2222409758947265e+01 2.1341236065594771e+02</data></Extrinsic_Parameters>
